set_track使用的测试用例：
这个结果没有对齐哈,另外这个列表是竖着的，所以是实际情况关于y=x对称的结果（影响不大）

fields1：(凹字形，过小的凹边不进去）
[0,0,0,0,0,0]
[0,0,0,0,0,0]
[0,0,1,1,0,0]
[0,0,0,1,0,0]
[0,0,1,1,0,0]
[0,0,0,0,0,0]
[0,0,0,0,0,0]

result:
['t', 't', 't', 't', 't', 't']
['t', 0, 0, 0, 0, 't']
['t', 0, 0, 0, 0, 't']
['t', 0, 0, 0, 0, 't']
['t', 0, 0, 0, 0, 't']
['t', 0, 0, 0, 0, 't']
['t', 't', 't', 't', 't', 't']

fields2：（凸字形，凹角处形状不变）
[0,0,0,0,0,0]
[0,0,0,0,0,0]
[0,0,0,1,0,0]
[0,0,1,1,0,0]
[0,0,0,1,0,0]
[0,0,0,0,0,0]
[0,0,0,0,0,0]

result:
[0, 't', 't', 't', 't', 't']
['t', 't', 0, 0, 0, 't']
['t', 0, 0, 0, 0, 't']
['t', 0, 0, 0, 0, 't']
['t', 0, 0, 0, 0, 't']
['t', 't', 0, 0, 0, 't']
[0, 't', 't', 't', 't', 't']

fields3：（领地到边界的距离小于d，路径贴边）
[0,0,0,0]
[0,0,0,0]
[0,0,1,0]
[0,0,0,0]

result:
['t', 't', 't', 't']
['t', 0, 0, 't']
['t', 0, 0, 't']
['t', 't', 't', 't']

fields4:（贴边领地，只生成有效的路径）
[0,0,0,0]
[0,0,0,0]
[0,0,0,0]
[0,0,0,1]

result:
[0, 0, 0, 0]
[0, 't', 't', 't']
[0, 't', 0, 0]
[0, 't', 0, 0]

fields5:（两块飞地路径重叠，取一组（本来想整个包起来，只是臣妾做不到啊））
[0,0,1]
[0,0,0]
[0,0,0]
[0,0,0]
[0,0,1]

result:
['t', 0, 0]
['t', 0, 0]
['t', 't', 't']
[0, 0, 0]
[0, 0, 0]

fields6:（四块飞地路径重叠，取一组（遇到这种情况几乎等于买彩票））
[1,0,0,0,1]
[0,0,0,0,0]
[0,0,0,0,0]
[0,0,0,0,0]
[1,0,0,0,1]

result:
[0, 0, 0, 0, 0]
[0, 0, 0, 0, 0]
['t', 't', 't', 0, 0]
[0, 0, 't', 0, 0]
[0, 0, 't', 0, 0]

fields7:（两块飞地路径交叉，取一组）
[0,0,1]
[0,0,0]
[0,0,0]
[0,0,1]

result:
['t', 0, 0]
['t', 0, 0]
['t', 't', 't']
[0, 0, 0]